[ 0.01074742  0.00302296  0.01658962  0.01459451  0.02174839  0.00238049
  0.          0.02809734  0.00689035  0.00582137  0.00638586  0.02049596
  0.00320966  0.01801955  0.0094064   0.          0.04369843  0.01047966
  0.00370122  0.02177296  0.          0.01890326  0.00870673  0.01599804
  0.          0.03019878  0.00571865  0.01452779  0.00431093  0.00830743
  0.00132894  0.02168955  0.00854139  0.03106535  0.00205032  0.02665303
  0.07049593  0.00886492  0.00350525  0.03776261  0.01637794  0.00176333
  0.00571084  0.00426414  0.01045712  0.          0.00407953  0.01865644
  0.02067778  0.04215597  0.01129269  0.00661596  0.02075948  0.00872839
  0.0112052   0.00819064  0.01026812  0.01522508  0.          0.00173678
  0.00562729  0.0058872   0.          0.0075398   0.01270294  0.01262597
  0.00773009  0.01235517  0.00694179  0.01707028  0.          0.03073791
  0.0250561   0.          0.00230061  0.00423544  0.          0.
  0.00459051  0.01056125  0.01017771  0.00889858  0.00134668  0.01284643
  0.01691177]