[ 0.          0.          0.02920765  0.          0.02363681  0.          0.
  0.04398224  0.          0.          0.          0.03576562  0.
  0.02114038  0.04601918  0.          0.04833743  0.          0.          0.
  0.          0.          0.          0.          0.          0.          0.
  0.          0.          0.          0.0268101   0.          0.
  0.04278078  0.          0.          0.17511051  0.          0.
  0.04932856  0.02041865  0.          0.          0.          0.          0.
  0.          0.          0.0417446   0.09763757  0.          0.
  0.02389858  0.03966859  0.          0.          0.          0.03711502
  0.          0.          0.03070396  0.0191366   0.          0.0161206   0.
  0.          0.          0.          0.          0.          0.
  0.05402519  0.05744389  0.          0.          0.          0.          0.
  0.          0.          0.01996748  0.          0.          0.          0.        ]