[ 0.01287108  0.01067537  0.00971706  0.00948363  0.01103921  0.0108693
  0.00762843  0.03183803  0.01602117  0.00983835  0.01088225  0.00468598
  0.00753702  0.00703422  0.00405987  0.          0.0097142   0.01509301
  0.01760684  0.00564893  0.02301691  0.01795193  0.01696136  0.00166328
  0.01780805  0.02406688  0.02628955  0.00379986  0.01078382  0.01806087
  0.01056269  0.00940992  0.01797172  0.0178929   0.00389828  0.00905526
  0.0428909   0.          0.01851851  0.01243983  0.01183886  0.00833053
  0.00564196  0.00430263  0.01277788  0.01437463  0.01537297  0.01091329
  0.02457632  0.05624855  0.00901017  0.00110885  0.00992936  0.01676987
  0.0140016   0.00485276  0.01632825  0.01859578  0.          0.00731669
  0.00304682  0.00737183  0.00789927  0.00674372  0.01316389  0.00711559
  0.01352173  0.00524924  0.01447803  0.01316759  0.00448685  0.01249633
  0.02198117  0.00725783  0.          0.01569094  0.00314434  0.00161977
  0.00545664  0.01024986  0.01950059  0.01605533  0.00141706  0.00041585
  0.01089235]