[ 0.00932859  0.01067537  0.00971706  0.00948363  0.01103921  0.0108693
  0.00832713  0.03183803  0.01602117  0.00992516  0.01096706  0.00468598
  0.00753702  0.00540281  0.00553569  0.          0.0097142   0.01509301
  0.0195992   0.00564893  0.01707959  0.01795193  0.01852622  0.00166328
  0.01780805  0.02415221  0.02628955  0.00379986  0.01078382  0.01806087
  0.01166955  0.00940992  0.01797172  0.0178929   0.0021581   0.00905526
  0.04753975  0.          0.01851851  0.01424771  0.01183886  0.00599994
  0.00401055  0.00430263  0.01277788  0.01437463  0.01731181  0.01091329
  0.02856105  0.05351008  0.00901017  0.00110885  0.01387071  0.01676987
  0.0140016   0.00807849  0.02119176  0.01859578  0.          0.00731669
  0.00304682  0.00737183  0.00789927  0.00674372  0.01324644  0.00177099
  0.0094061   0.00524924  0.01447803  0.01319969  0.00448685  0.01249633
  0.01741322  0.01240662  0.          0.01569094  0.00314434  0.00161977
  0.00107985  0.01024986  0.01949762  0.01766106  0.00141706  0.
  0.01089235]