[ 0.00932859  0.01067537  0.00971706  0.00948363  0.01103921  0.0108693
  0.00442054  0.03183803  0.01602117  0.00978561  0.01453033  0.00468598
  0.01205582  0.00701666  0.00405987  0.          0.0097142   0.01509301
  0.01904138  0.00564893  0.01707959  0.01795193  0.01690727  0.00166328
  0.01780805  0.02401503  0.02628955  0.00379986  0.01185973  0.01806087
  0.0128682   0.00940992  0.01797172  0.0178929   0.00640173  0.00905526
  0.04860857  0.00286908  0.01851851  0.01530891  0.01183886  0.00599994
  0.00687964  0.00430263  0.01277788  0.01437463  0.01531582  0.01091329
  0.02457632  0.05324995  0.016569    0.00110885  0.00990128  0.01676987
  0.0140016   0.00485276  0.01632825  0.01859578  0.          0.00731669
  0.00304682  0.00737183  0.00789927  0.00674372  0.01311374  0.00685164
  0.0094061   0.00524924  0.01447803  0.01314809  0.00448685  0.01249633
  0.01741322  0.00725783  0.          0.01569094  0.00314434  0.00161977
  0.00107985  0.01024986  0.0134186   0.01597641  0.00141706  0.00107591
  0.01232689]