[ 0.00932859  0.01067537  0.00971706  0.00948363  0.01103921  0.0108693
  0.00442054  0.03183803  0.01602117  0.0118629   0.01693891  0.00468598
  0.00753702  0.00540281  0.00405987  0.          0.0097142   0.01615746
  0.01760684  0.00564893  0.01707959  0.01795193  0.01685434  0.00166328
  0.01780805  0.0239643   0.02628955  0.00379986  0.01078382  0.01806087
  0.01237156  0.00940992  0.01797172  0.0178929   0.00386123  0.00905526
  0.04395536  0.00106445  0.01851851  0.01243983  0.01183886  0.01174799
  0.00401055  0.00430263  0.01277788  0.01437463  0.0152599   0.01452598
  0.02457632  0.05315374  0.01459618  0.00110885  0.00987379  0.01676987
  0.0184723   0.00880644  0.01632825  0.01859578  0.          0.00731669
  0.00304682  0.00737183  0.00789927  0.00674372  0.01557373  0.          0.0094061
  0.00524924  0.01780556  0.013129    0.00448685  0.01249633  0.01741322
  0.00725783  0.          0.01569094  0.00314434  0.00161977  0.00249912
  0.01195298  0.0134186   0.01818014  0.00141706  0.00106445  0.01089235]