[ 0.          0.          0.          0.          0.02265417  0.          0.
  0.08528857  0.          0.          0.          0.          0.          0.
  0.01988628  0.          0.01386652  0.          0.          0.          0.
  0.          0.          0.          0.03117663  0.04534321  0.03432538
  0.          0.          0.          0.          0.          0.02640643
  0.02767689  0.          0.          0.14827203  0.03027828  0.01917988
  0.04964349  0.          0.          0.          0.          0.          0.
  0.0517159   0.          0.05053403  0.16312446  0.02443739  0.          0.
  0.          0.          0.          0.          0.02290664  0.          0.
  0.          0.          0.          0.          0.          0.          0.
  0.          0.          0.          0.          0.          0.04408852
  0.03156412  0.          0.01949074  0.          0.          0.
  0.03814044  0.          0.          0.          0.          0.        ]