[ 0.00888271  0.01381837  0.00976075  0.0155061   0.02951192  0.          0.
  0.08345661  0.          0.02149138  0.03939439  0.          0.0058694
  0.04034804  0.01034482  0.          0.          0.          0.01392241
  0.          0.          0.00718911  0.01608965  0.          0.
  0.02234482  0.01277872  0.          0.00969519  0.01777049  0.
  0.01289359  0.0153748   0.01334146  0.          0.          0.08577417
  0.          0.01184755  0.03066514  0.          0.          0.          0.
  0.          0.02448547  0.04289732  0.          0.04100203  0.09442135
  0.02362824  0.          0.          0.00955634  0.01870505  0.          0.
  0.01288704  0.          0.          0.01759215  0.01811622  0.          0.
  0.          0.          0.          0.0153203   0.01243857  0.          0.
  0.          0.03165253  0.01634947  0.00596597  0.01161327  0.          0.
  0.          0.05529707  0.          0.          0.          0.          0.        ]