[ 0.00491181  0.0096623   0.01773892  0.          0.01978554  0.01755215
  0.          0.04358275  0.00725845  0.          0.01142456  0.
  0.00711121  0.01061514  0.00744216  0.00666548  0.0048199   0.02447882
  0.01613797  0.01143492  0.02554277  0.01296393  0.00954835  0.          0.
  0.04111489  0.03499159  0.          0.00712535  0.01064494  0.01056996
  0.00636017  0.01135762  0.01174878  0.          0.          0.10719743
  0.          0.00584417  0.03425751  0.00351875  0.01126351  0.00946029
  0.00613831  0.01338366  0.02042782  0.01802006  0.          0.03284153
  0.07144581  0.01565042  0.0032607   0.          0.00680009  0.02655549
  0.          0.00778855  0.          0.          0.          0.00529263
  0.          0.00944374  0.00804911  0.0239171   0.00850089  0.
  0.00437114  0.02151915  0.00834625  0.00300341  0.          0.04055731
  0.01101692  0.00865376  0.00894394  0.          0.          0.
  0.00263906  0.00524361  0.0292034   0.          0.          0.00485404]