[ 0.          0.          0.02391294  0.010217    0.01603633  0.03242202
  0.0044098   0.04009547  0.00659906  0.          0.00222054  0.00842303
  0.00193813  0.01312615  0.00574232  0.01195851  0.          0.02572759
  0.02965951  0.00839943  0.02382221  0.01706984  0.02001839  0.
  0.00499619  0.03333056  0.0193753   0.00205104  0.01514414  0.01417315
  0.00942389  0.01633564  0.00882503  0.00746831  0.          0.00723054
  0.0701148   0.          0.00465869  0.01507301  0.00354895  0.00170246
  0.          0.0044752   0.01730987  0.00623071  0.02753675  0.01096824
  0.02861573  0.05924886  0.01003794  0.01979698  0.00588281  0.01770593
  0.00684569  0.          0.00581129  0.00239417  0.          0.00703327
  0.00707706  0.          0.00739999  0.01050072  0.          0.01678456
  0.01526364  0.00785452  0.01278343  0.01368231  0.          0.00349077
  0.03120806  0.01451909  0.013337    0.01552309  0.          0.00271504
  0.00940299  0.00303863  0.00260454  0.01642079  0.          0.01592407
  0.01532627]