[ 0.00782278  0.00396978  0.01479448  0.00980058  0.01371675  0.01958301
  0.00288757  0.03146293  0.00796466  0.01233936  0.01954791  0.00155734
  0.00855399  0.02555852  0.00769129  0.          0.01663925  0.00992821
  0.01543255  0.01006685  0.02516677  0.00417288  0.01795781  0.00236907
  0.03130441  0.01737351  0.0248477   0.00169268  0.01010587  0.
  0.01820072  0.00401539  0.01058556  0.0178468   0.          0.01191301
  0.05277559  0.01111337  0.02446336  0.01659467  0.00913855  0.01788374
  0.00390695  0.00168547  0.01304102  0.01488513  0.01346526  0.0135154
  0.02444078  0.04874741  0.00936722  0.00207879  0.02846238  0.0231766
  0.0059288   0.          0.01092691  0.0070215   0.          0.00383046
  0.00369371  0.00211108  0.00555896  0.01160229  0.00205173  0.00352709
  0.01177029  0.00178182  0.00718308  0.01137554  0.00191939  0.01402059
  0.02237112  0.01440991  0.00697509  0.01466476  0.00165004  0.00989627
  0.0025105   0.01570622  0.01491427  0.01673197  0.00170052  0.00234762
  0.00620682]