[ 0.01452784  0.01826488  0.02691506  0.01018357  0.01476679  0.01640156
  0.00852087  0.03789143  0.00932367  0.01422219  0.01271996  0.00910813
  0.          0.00884463  0.0086553   0.          0.00210508  0.00820391
  0.02091108  0.00603559  0.01839915  0.          0.02818981  0.00318414
  0.02237199  0.02363582  0.01418416  0.00894831  0.00726393  0.00386657
  0.00714162  0.01417973  0.00976026  0.00897946  0.00114823  0.00611567
  0.05136995  0.          0.02398367  0.02162468  0.00807172  0.00608358
  0.00879707  0.0035416   0.00714117  0.01135692  0.02089367  0.01163937
  0.02183047  0.05372848  0.01272787  0.01102506  0.0103709   0.00596135
  0.00713998  0.          0.01713382  0.01259134  0.          0.00495401
  0.00353706  0.0150462   0.00062845  0.01382112  0.01497509  0.00632372
  0.02785177  0.0042444   0.01354547  0.01083665  0.00280495  0.01417742
  0.02712306  0.00708392  0.00151774  0.0187252   0.          0.00311206
  0.          0.01093544  0.01518204  0.02465523  0.00154478  0.
  0.00539115]