[ 0.010641    0.01552707  0.00729814  0.00966455  0.01289644  0.0109957
  0.00642254  0.03604899  0.00840807  0.01269821  0.01184997  0.00557376
  0.00675237  0.00763864  0.00414112  0.          0.015322    0.01155822
  0.0201381   0.00525577  0.01199975  0.01518966  0.02652944  0.00279548
  0.01999144  0.02521302  0.02197067  0.00612285  0.01100679  0.02263647
  0.00875475  0.01361304  0.01333512  0.01413197  0.00470399  0.00804026
  0.04802149  0.          0.02082323  0.0125601   0.01209603  0.00611047
  0.00148545  0.00744393  0.01335664  0.01451928  0.01743015  0.00943824
  0.02148792  0.05809136  0.02407592  0.00110885  0.01633903  0.01543383
  0.01410825  0.00502858  0.01639765  0.0168309   0.          0.00490949
  0.00307981  0.0043935   0.00516811  0.01064041  0.01343048  0.00256634
  0.01390051  0.00829662  0.01304738  0.01369827  0.0045991   0.008686
  0.01784511  0.00734188  0.00207963  0.01481172  0.00376383  0.00111409
  0.00111409  0.01141779  0.00847224  0.01662968  0.00257763  0.
  0.00936363]