[ 0.00935089  0.01067537  0.00715495  0.00952185  0.01215005  0.01419352
  0.00442054  0.03185953  0.01445335  0.00823369  0.01123915  0.0036269
  0.00761899  0.00543296  0.00405987  0.          0.00973609  0.01780092
  0.01760684  0.00564893  0.01501575  0.01795193  0.01738828  0.00314164
  0.01891682  0.02440612  0.02631412  0.00379986  0.01272298  0.01810986
  0.01061345  0.00946479  0.01797172  0.01795955  0.00595008  0.00803072
  0.04302599  0.00259027  0.01857572  0.01243983  0.01185501  0.00599994
  0.00607373  0.00430263  0.01430205  0.01441797  0.01692222  0.01097058
  0.02480519  0.05412487  0.00966031  0.0066096   0.01271268  0.01678898
  0.01413503  0.0049245   0.01632825  0.01859578  0.          0.00899979
  0.00304682  0.00737183  0.00498561  0.01161796  0.013531    0.
  0.00980858  0.00526118  0.01302875  0.01338043  0.00451603  0.01251425
  0.02152993  0.01177102  0.          0.01574651  0.00205171  0.00161977
  0.00666147  0.01024986  0.01600951  0.02125196  0.00141706  0.
  0.01092579]