[ 0.00628449  0.00356209  0.00345637  0.01729119  0.01080062  0.01510817
  0.00862832  0.04568754  0.02090304  0.00799866  0.00284967  0.02033345
  0.          0.01162488  0.02964584  0.00825205  0.          0.00464035
  0.01261375  0.          0.00269335  0.00789409  0.01353909  0.00892585
  0.01154094  0.01714298  0.          0.01305648  0.00367069  0.
  0.01161166  0.00823815  0.00429635  0.          0.          0.
  0.16671875  0.00543418  0.00557859  0.05550168  0.00311073  0.
  0.03433782  0.01120598  0.          0.          0.          0.00411619
  0.03504707  0.05600615  0.03875963  0.          0.          0.01370983
  0.          0.00951465  0.          0.          0.          0.          0.
  0.          0.          0.00714449  0.00635722  0.00325801  0.011476    0.
  0.01181866  0.00920369  0.01062988  0.05344179  0.05048399  0.0085026   0.
  0.          0.00529264  0.00289131  0.          0.00284967  0.02991346
  0.00567708  0.00043286  0.          0.00929528]