[ 0.          0.          0.01425113  0.          0.          0.          0.
  0.06452686  0.01614066  0.01320987  0.          0.          0.          0.
  0.02431833  0.          0.01424985  0.          0.          0.          0.
  0.          0.02341911  0.          0.00498281  0.          0.          0.
  0.          0.          0.          0.          0.          0.          0.
  0.          0.24940931  0.00457339  0.          0.07073301  0.00644204
  0.          0.06795393  0.          0.          0.          0.          0.
  0.0636108   0.09795889  0.03333711  0.          0.          0.          0.
  0.          0.          0.          0.          0.          0.          0.
  0.          0.          0.          0.          0.          0.          0.
  0.01411223  0.          0.08749713  0.07138818  0.          0.          0.
  0.          0.          0.          0.          0.05239291  0.          0.
  0.          0.00549246]