[ 0.          0.00811967  0.          0.00506397  0.          0.00354188
  0.00461738  0.05666922  0.02021254  0.02313352  0.          0.          0.
  0.          0.04148366  0.00656899  0.          0.00439894  0.01805075
  0.          0.00354996  0.00863543  0.01745249  0.01183055  0.00424999
  0.02878773  0.          0.          0.          0.          0.
  0.01857832  0.          0.          0.          0.          0.20358225
  0.00727204  0.          0.06187808  0.00328082  0.          0.05271074
  0.          0.          0.          0.          0.          0.0415295
  0.06261256  0.04447814  0.          0.          0.0086974   0.          0.
  0.          0.          0.          0.00272198  0.          0.          0.
  0.00573585  0.          0.          0.00644765  0.          0.02333783
  0.01239374  0.          0.0572292   0.06400323  0.          0.          0.
  0.00203173  0.          0.          0.          0.038591    0.01223596
  0.          0.          0.00428531]