[ 0.01457944  0.01332548  0.00368627  0.          0.          0.00948726
  0.00990318  0.04776227  0.03294677  0.00949563  0.          0.          0.
  0.01705244  0.03363307  0.01265158  0.00803768  0.01083349  0.01204961
  0.          0.0028671   0.01913974  0.01530553  0.00966255  0.00377834
  0.01978883  0.          0.00575526  0.01232689  0.          0.          0.
  0.          0.00783655  0.          0.          0.1750317   0.00402211
  0.0073577   0.05278486  0.          0.00405167  0.05477     0.00621831
  0.          0.          0.0048322   0.          0.03833922  0.05483902
  0.03662921  0.          0.          0.0070244   0.          0.00131111
  0.          0.          0.          0.00484983  0.          0.          0.
  0.01180229  0.          0.          0.00573211  0.00662426  0.00846023
  0.00954097  0.          0.05681008  0.04578984  0.00677565  0.00083758
  0.          0.00180626  0.          0.          0.          0.03376525
  0.00990878  0.01093156  0.          0.00724882]