[ 0.01492252  0.0038288   0.00345637  0.          0.00288026  0.02494264
  0.00904637  0.04586218  0.02111418  0.01169345  0.00333031  0.00725848
  0.          0.01269366  0.03361759  0.00865187  0.00781651  0.00464035
  0.01145703  0.          0.00269335  0.00789409  0.01455282  0.00912342
  0.01154094  0.01776094  0.          0.01103877  0.00380285  0.
  0.01773774  0.00456353  0.00252315  0.          0.          0.          0.167012
  0.00391378  0.00557859  0.0577299   0.00311073  0.          0.04012938
  0.01393487  0.          0.          0.          0.          0.03513173
  0.05870424  0.03935244  0.00426638  0.          0.01033159  0.          0.0012758
  0.          0.          0.          0.          0.          0.          0.
  0.00294913  0.00635722  0.          0.01965039  0.          0.01576669
  0.00920369  0.01062988  0.05512918  0.04407223  0.00636535  0.          0.
  0.00529264  0.00435102  0.          0.          0.0306231   0.00567708
  0.00347064  0.          0.00954616]