[ 0.00628449  0.00356209  0.00345637  0.00462115  0.0112103   0.01510817
  0.00862832  0.04568754  0.02101997  0.00843864  0.00304491  0.02033345
  0.          0.01205901  0.03127645  0.00825205  0.00694915  0.00464035
  0.01065895  0.          0.00269335  0.00789409  0.01353909  0.00892585
  0.01154094  0.01739399  0.          0.01103877  0.00791631  0.00215235
  0.01161166  0.00182638  0.00252315  0.          0.          0.
  0.16892316  0.0054645   0.00557859  0.05550168  0.00311073  0.
  0.03669032  0.01120598  0.00920207  0.          0.          0.00411619
  0.03506785  0.05600615  0.0388982   0.          0.          0.01394128
  0.          0.00951465  0.          0.00228368  0.          0.          0.
  0.          0.          0.00294913  0.00635722  0.          0.011476    0.
  0.01181866  0.00920369  0.01062988  0.05437623  0.05048399  0.00636535
  0.          0.          0.00529264  0.00289131  0.          0.00304491
  0.02991346  0.00567708  0.00043286  0.          0.00929528]